676 608 
907 
666 
957 771 999 
36 
300 
229 378 796 645 
166 502 357 
408 555 454 
142 637 240 289 
890 305 
714 
698 29 254 763 
206 59 
27 211 802 783 44 
118 841 288 741 411 
428 927 955 
596 801 
57 914 69 
351 614 798 710 155 509 
894 220 823 875 447 97 
672 216 634 852 
566 299 543 159 
476 865 394 912 120 85 
398 
968 777 856 224 
886 449 827 558 382 746 
14 348 343 699 519 
945 318 577 415 60 988 
430 12 932 
886 992 135 
801 950 
484 774 953 334 
955 
424 213 921 275 
573 776 142 185 990 
751 4 443 903 504 
609 930 452 966 604 295 156 612 86 
211 283 778 70 661 465 
737 820 
826 401 652 68 887 
965 247 870 
348 302 
424 429 736 392 185 552 
268 93 904 328 237 14 
467 339 
429 260 
314 672 418 55 485 963 520 
309 849 
898 85 184 974 
189 261 384 114 334 878 
138 762 169 714 552 349 
562 
668 
401 549 627 64 
132 559 924 47 295 160 705 489 
438 342 503 354 
335 861 901 198 18 
493 524 228 
240 141 264 239 889 162 185 13 77 
230 748 28 
927 291 950 600 619 
234 322 882 622 97 430 706 359 
376 390 565 711 
402 604 721 54 
203 
226 678 169 237 904 874 
895 756 393 246 
908 780 963 40 
94 512 18 
610 665 126 38 240 
997 247 608 
934 926 838 270 
539 895 761 999 
923 738 509 920 
539 949 322 390 
580 307 895 127 267 961 
409 986 822 627 615 59 
934 
404 
525 924 
572 90 405 323 
874 263 
960 171 908 
571 310 193 945 250 268 
602 712 49 269 733 430 304 973 530 23 
547 852 248 148 764 210 181 37 770 
659 469 959 816 722 
722 495 
601 988 827 318 346 541 
166 736 553 81 119 778 
353 430 639 347 349 358 

851 409 44 400 
69 633 520 268 661 319 859 
459 248 226 
889 609 985 193 728 589 
103 62 806 311 20 
426 258 528 591 
986 497 386 158 939 
865 705 311 598 509 
638 832 771 490 
332 
331 97 852 637 
517 522 191 772 301 
356 325 237 
708 776 834 493 231 
284 239 832 511 210 
208 910 431 948 471 
755 329 547 
554 321 675 
318 275 247 671 
827 294 980 138 874 673 
162 
442 636 50 
875 567 
256 266 
314 176 352 804 707 
15 564 
812 934 724 90 316 796 
582 724 23 
168 705 271 978 552 
539 895 215 889 
947 592 180 593 510 478 982 641 
795 856 170 242 
605 406 339 690 207 
685 70 562 293 
455 589 787 988 76 614 961 
444 177 877 
359 773 250 
151 623 731 
239 890 347 404 837 
805 673 55 333 906 
662 819 922 
510 551 213 228 
252 934 953 757 403 895 30 
538 493 387 677 674 893 
476 780 337 
51 961 112 152 468 
644 
302 
319 59 652 837 372 
9 753 35 
299 624 532 404 
958 938 641 674 335 
461 808 897 977 851 324 474 
257 960 433 
510 262 
474 629 913 86 441 628 390 
272 659 550 819 514 222 
179 695 755 922 727 
337 130 
974 842 138 978 242 
945 507 988 784 871 544 
724 834 546 348 159 682 
738 19 
494 862 996 37 
490 948 665 854 
927 766 99 
752 868 494 22 154 647 
188 938 807 528 385 450 55 288 372 270 
823 532 
436 113 830 59 581 
515 301 369 
488 
252 692 291 247 933 401 
90 7 341 
514 430 
121 578 948 372 
811 51 66 651 295 658 847 
512 635 240 124 
598 899 83 
828 414 257 
210 825 559 
388 249 
528 954 696 
888 117 206 881 186 899 848 805 
236 752 128 506 456 
421 581 
515 419 150 428 556 944 665 
865 123 300 305 
816 339 863 86 
865 869 963 

597 49 397 465 
604 671 35 245 59 43 
294 176 
890 535 499 321 810 
160 612 201 618 387 
402 50 787 386 292 889 
604 419 987 
930 989 608 104 323 988 
632 490 790 394 686 
245 828 670 96 84 943 
723 362 724 278 
978 
541 335 
275 611 
639 57 373 916 471 351 
401 752 340 521 
201 347 836 622 757 
882 363 980 188 200 603 
631 781 
364 65 641 471 625 
902 329 289 
628 740 456 
13 176 753 889 
573 592 305 214 278 125 244 
108 986 649 947 
350 940 683 613 994 
860 546 173 917 228 86 713 107 319 705 
38 894 789 641 14 946 
708 346 486 980 652 
34 564 463 596 799 134 
693 207 742 293 
978 870 122 942 990 319 
556 21 505 434 
898 393 832 397 410 654 
716 967 
943 743 
804 20 670 602 
278 537 680 871 
943 371 360 482 149 
741 
965 25 
723 820 517 860 
380 66 433 884 95 374 
293 723 
863 689 333 253 482 210 868 134 919 58 
925 641 551 6 868 
997 727 60 856 
868 106 
337 335 
284 492 726 300 486 926 
888 987 62 242 498 281 778 423 
815 869 736 836 339 
177 286 589 895 
280 971 105 66 269 44 308 
246 895 855 
618 343 131 107 59 
59 170 394 722 826 9 70 
531 862 364 761 
735 234 810 124 152 
288 735 819 
477 895 207 
193 453 185 
238 67 
71 569 528 111 165 41 
829 86 95 682 502 890 973 
174 392 
491 456 570 850 523 643 129 84 
344 
135 165 756 883 525 
919 228 274 684 529 
12 969 
738 463 699 658 
116 698 
935 146 532 901 540 172 978 
98 599 578 322 700 
764 628 
800 585 46 446 
511 838 50 332 780 
985 633 851 147 
637 705 82 728 
59 457 
455 792 780 502 
641 940 336 116 
407 76 419 
995 44 94 795 899 342 84 
862 514 737 85 352 237 
938 72 813 550 160 
121 878 629 
149 
564 
305 253 580 832 790 878 
197 111 34 845 
316 368 
660 528 429 895 
221 207 194 520 
917 517 
955 237 842 862 
234 
874 792 529 543 470 
444 572 38 394 391 439 869 637 
824 973 107 233 455 
359 551 
591 236 792 
498 906 898 835 412 
243 15 823 398 304 591 974 160 472 
838 609 610 959 9 204 
870 332 402 692 525 
61 368 768 165 394 718 
562 740 189 
227 126 661 214 665 
903 704 112 186 326 
533 636 793 37 55 169 345 
876 
561 393 771 679 
547 425 667 
143 22 493 
5 180 233 
313 939 163 982 104 
140 721 478 751 325 42 646 
608 790 626 729 
288 85 
274 366 207 10 597 180 
383 537 
616 412 76 
609 392 924 497 237 
705 48 
84 390 
472 694 100 97 
483 391 726 380 
524 301 694 695 790 786 
117 701 47 631 711 383 
913 592 512 631 
617 530 652 430 860 276 973 119 587 
815 437 978 
111 28 89 981 
417 141 94 210 215 
454 509 
187 110 617 
62 258 75 338 946 
676 409 191 81 569 
440 799 145 
105 417 302 
773 920 294 
963 338 611 
405 44 420 
918 109 598 204 394 
369 381 451 
103 
643 261 102 290 
228 132 713 
32 50 
57 585 232 196 144 
361 266 
616 151 232 137 787 
550 327 322 
45 181 125 763 551 235 478 
901 199 
166 610 
56 268 
239 850 27 886 
920 251 365 
400 469 753 471 295 
212 89 910 
498 805 392 131 928 91 200 746 
394 42 27 154 739 544 
393 741 567 984 51 91 586 
209 542 
19 689 198 857 
117 269 
91 768 
987 56 810 
517 827 937 583 
105 
884 964 980 7 
91 
285 662 129 62 
222 414 
369 464 730 336 514 
799 548 194 884 926 387 687 
201 889 
203 241 826 648 821 
577 344 719 
541 305 864 522 
890 442 759 592 376 
947 291 735 276 
330 845 986 361 163 609 
995 
832 222 905 811 
168 160 141 
198 857 
532 506 490 925 521 226 
521 585 892 637 922 
63 609 607 572 663 367 
652 924 
6 
530 
226 660 869 312 
855 330 531 935 
26 
306 636 314 941 
734 654 50 
160 576 
865 591 189 99 
136 188 362 
174 999 875 592 507 823 
542 492 
63 310 148 75 
283 312 917 
308 347 249 662 43 
979 349 297 217 623 614 67 
348 283 570 240 939 23 291 192 329 
684 576 844 482 
867 
184 217 
24 524 288 481 

345 412 462 93 
947 54 199 685 883 571 40 165 
189 64 608 290 502 
135 405 
557 731 79 606 143 131 978 
328 81 468 403 
125 673 741 
894 267 879 978 
417 8 859 489 
77 937 93 323 620 995 
617 217 684 
15 817 
789 400 307 607 287 
635 989 
964 631 360 172 
680 930 28 
967 
523 501 319 325 408 850 984 
847 896 472 521 47 724 
179 190 564 267 894 
884 744 614 997 328 
892 625 178 

626 828 481 526 234 
43 34 502 517 
298 744 821 696 464 
98 832 780 962 782 
513 
571 179 16 
46 515 43 277 
91 29 316 85 62 884 167 914 
972 822 687 108 
753 484 662 595 445 
226 742 146 510 
532 216 
985 457 
162 441 517 678 930 
615 317 
580 56 
283 637 
324 516 761 444 453 592 
436 561 148 680 
497 367 114 
578 36 926 630 757 
283 128 440 537 
432 613 
260 
986 20 
978 769 884 731 
689 880 26 907 
160 
502 561 949 795 330 
625 811 37 
977 496 245 440 
320 8 521 
127 265 284 937 701 
250 177 641 205 
483 435 505 264 
826 
95 860 
504 634 719 881 
552 145 685 
400 
213 471 255 496 
745 361 831 544 561 425 
478 983 184 38 
827 884 819 796 868 544 
45 726 586 
951 576 405 138 694 
742 771 345 942 87 679 626 
905 282 477 
972 523 463 345 198 855 108 203 
311 418 288 
978 746 796 
148 145 
877 
137 23 987 
244 470 
302 465 738 764 339 123 
975 918 951 875 
711 941 525 700 
423 398 664 843 
539 228 395 222 
312 917 457 582 
432 32 932 
47 
949 687 212 600 233 

837 519 164 778 990 
408 779 55 
622 927 681 374 157 591 758 192 101 
250 714 
973 605 233 389 657 885 593 
136 58 728 106 299 500 
860 156 570 978 159 717 507 
681 512 873 88 673 
856 453 860 820 463 876 594 
554 442 878 99 705 308 
287 347 654 902 234 
798 187 
538 615 688 493 
417 576 
451 424 957 7 265 248 402 
947 56 
460 36 582 
556 894 216 457 801 
374 177 988 558 
153 634 535 388 675 494 
594 601 
790 630 320 573 74 100 19 823 
147 913 826 720 134 433 123 
261 107 896 651 
170 315 495 69 793 
965 427 870 
269 836 950 167 149 361 591 
814 163 429 179 612 
918 440 939 
104 436 355 279 424 225 

488 27 815 
782 682 94 613 47 278 
375 418 374 199 747 454 
927 757 629 104 706 366 
417 688 822 471 981 250 
313 398 819 58 781 
548 688 80 252 480 290 695 
827 843 844 735 423 
822 
750 604 594 98 277 175 247 160 825 
282 253 
680 316 85 379 
241 381 647 
374 928 257 161 143 434 
295 571 927 

187 507 
704 539 970 
221 306 444 
136 915 500 
693 73 122 482 75 938 977 753 536 557 778 
547 257 
196 366 802 825 946 628 89 905 
963 389 801 841 350 786 673 
22 689 282 672 671 
666 464 854 153 348 466 986 
889 610 
210 154 
86 298 659 734 540 549 656 572 109 
362 525 
54 547 
829 338 149 270 
229 285 134 608 339 
461 657 51 121 43 
90 624 588 
497 110 570 
930 8 969 
988 505 216 577 179 
789 404 539 
623 964 637 26 506 
809 55 173 
669 751 997 949 577 
451 572 441 297 464 
292 126 810 52 

213 273 419 118 998 709 
799 63 792 
22 627 
652 115 349 
935 
247 323 
494 250 807 394 554 
763 428 533 903 84 573 401 
81 283 561 796 376 547 
207 35 877 571 509 831 
631 
995 
395 744 468 385 501 
365 28 767 645 556 560 
443 648 168 258 

76 438 743 818 274 932 
162 178 
120 483 504 
355 905 603 
713 878 
978 260 750 335 600 375 870 623 699 
467 859 349 
726 316 898 
739 899 761 553 
127 755 236 96 
756 667 
931 938 286 386 950 994 490 288 98 514 
315 790 123 207 367 388 871 440 
715 123 492 
508 528 658 496 
432 
929 17 988 213 885 
805 184 305 
171 850 329 778 100 
258 
585 61 486 
743 89 651 508 887 
936 85 220 763 
904 881 201 583 
528 190 185 64 37 
125 492 972 620 898 
775 404 697 882 631 
782 376 412 
303 927 402 191 551 71 0 
308 658 37 376 96 289 369 647 
70 289 341 545 
681 197 989 327 
515 981 188 37 
520 616 445 209 
910 420 19 127 393 
996 500 437 77 
337 307 613 
985 316 410 751 897 321 
705 239 863 943 977 188 744 
821 61 
721 605 749 954 409 
633 783 766 
868 490 869 776 62 695 200 
638 558 703 393 130 585 
855 143 553 
452 421 652 203 
423 303 469 817 
77 998 566 54 696 
205 952 763 665 259 541 148 
148 522 271 
509 443 
722 414 202 314 315 606 574 
192 
877 621 94 262 
460 507 21 
413 170 
948 295 114 383 
749 263 103 9 558 439 375 283 
101 623 921 
198 923 935 91 668 

144 211 266 229 895 667 970 203 729 456 123 

798 332 870 250 
793 914 139 925 
703 928 577 6 886 
915 302 758 
531 609 159 
578 364 721 
775 208 691 830 
896 817 
601 169 511 
567 857 316 141 377 625 212 40 
726 849 654 
384 498 895 653 217 
796 737 
898 547 
756 891 552 492 
871 609 977 709 594 255 169 
87 547 149 813 
380 277 691 
94 293 38 
359 133 432 827 392 
376 
775 481 
70 628 157 179 293 924 
2 985 544 
590 641 298 942 
53 670 779 709 909 817 639 905 
962 560 
668 712 193 764 220 
979 185 111 759 543 
21 47 543 
132 406 542 495 112 
978 144 727 803 136 773 
507 110 759 
323 0 776 
136 
843 436 66 
891 831 720 469 788 980 297 
530 415 441 221 
980 611 495 490 
950 520 852 930 248 154 
739 209 986 
916 395 253 410 
401 461 126 
700 192 
486 431 709 362 
945 523 525 500 771 
449 228 351 543 775 935 
708 125 986 
873 660 649 
165 290 
539 214 762 
311 313 468 
150 622 313 525 
771 425 175 627 
780 606 
256 974 12 957 
27 255 715 585 
829 686 258 480 
808 314 882 455 
840 792 
645 623 724 
294 916 536 
618 309 100 850 121 960 263 497 55 210 
522 62 771 856 
892 117 825 
690 106 212 840 
833 658 687 668 864 788 564 
19 
480 63 314 
85 670 
584 210 333 
491 51 11 
593 699 
792 960 901 772 218 
896 494 748 
291 
762 460 805 365 
679 510 904 
813 620 302 64 648 
88 631 240 87 
194 225 227 
726 889 120 734 154 119 194 954 418 703 

724 467 653 587 233 904 312 
674 230 150 
493 96 263 
303 641 
361 864 
931 404 448 130 867 
744 
877 85 
384 846 724 547 923 
242 957 526 243 368 958 
90 742 235 43 
39 269 803 655 
74 255 478 155 
588 683 348 921 
916 292 205 
223 780 349 15 820 912 406 
469 876 736 433 214 
601 580 872 789 219 
732 420 576 425 618 
957 464 798 
473 347 26 
521 
908 60 717 
637 620 
873 787 528 585 
36 813 894 560 302 617 849 
996 159 930 177 199 791 
432 142 345 539 206 918 
755 
150 589 109 754 
657 590 67 252 
522 135 200 443 
973 490 646 
367 863 671 675 
883 920 
440 73 588 241 
51 719 693 
571 628 339 12 823 602 
259 86 478 670 
899 
158 621 
577 
353 291 
448 
86 
101 3 469 696 297 706 688 
716 104 777 
986 853 326 129 674 
32 805 
664 606 777 689 649 
106 676 622 851 35 
25 775 857 772 
786 967 38 488 598 980 234 539 90 
668 898 489 
988 794 805 741 137 426 265 261 68 697 
202 524 949 
607 520 815 426 
621 865 14 
153 919 

778 542 907 313 
750 799 127 337 189 923 877 
679 919 709 
412 557 211 743 818 
509 592 303 313 192 274 
906 752 
282 716 951 265 286 702 565 
295 644 512 
780 880 
124 268 801 451 
655 572 858 466 6 473 119 

643 499 745 19 811 
362 787 565 213 324 
260 
31 542 505 795 17 
541 14 
737 674 956 
947 220 117 
132 780 597 347 719 774 176 
97 844 
570 926 160 
145 701 936 
559 
876 242 562 354 187 
452 906 169 371 798 
119 914 
721 751 659 844 270 
515 
317 782 235 519 887 
181 87 
921 668 626 411 650 
580 789 
466 149 524 133 243 
902 496 741 225 39 
425 619 364 
870 527 830 431 523 77 
161 288 902 20 388 509 763 
284 
541 173 528 707 
510 364 240 40 458 
526 89 112 466 662 355 26 882 
193 423 172 
248 550 870 700 981 
822 162 933 649 
679 464 573 847 
371 101 107 426 274 217 
709 
106 154 951 
287 942 
514 235 200 845 
488 141 131 
72 261 289 

702 708 
15 542 
152 280 
678 526 481 
395 813 526 806 
369 275 987 836 928 
734 939 
418 968 831 169 
176 
653 48 751 863 993 898 
598 343 705 250 417 
975 93 959 776 145 262 
682 86 103 21 
773 
544 901 157 
381 624 960 981 471 238 
496 25 965 124 230 706 
652 373 777 351 
796 
408 586 94 
210 494 978 459 496 316 225 
57 976 
269 241 156 280 
946 228 618 759 181 849 
366 730 709 930 
180 386 100 182 23 783 
951 
731 396 
622 932 159 228 231 466 229 
622 235 380 283 182 
822 290 829 215 585 513 643 41 
658 153 221 592 
743 
750 691 495 
282 82 112 66 
115 388 20 479 
810 742 296 496 
633 475 733 573 128 787 
497 271 584 274 50 
407 910 993 
449 794 
176 950 603 460 
201 904 62 701 827 606 
760 401 252 
420 226 357 448 362 466 430 
492 596 
26 30 986 645 343 
601 40 815 
176 234 983 
929 96 724 545 363 59 122 206 189 
367 187 10 131 248 
679 657 
421 707 375 
136 
20 751 407 211 505 419 
67 73 641 244 122 654 238 76 236 135 277 
418 717 650 511 
145 617 
656 49 287 217 605 779 849 587 
765 588 171 176 268 
969 
57 340 716 257 854 
204 820 823 498 
294 571 36 
603 882 984 720 44 726 66 
470 371 583 541 668 
917 287 930 811 791 132 
449 786 975 1 
748 68 83 
668 
614 108 879 346 
948 
741 23 
315 148 510 
18 644 812 430 
938 538 646 
740 684 704 198 971 
906 279 483 210 391 
516 329 753 479 
253 975 784 788 228 
344 760 326 74 
34 817 638 739 930 
998 150 133 375 
74 639 734 787 
955 80 55 308 665 377 
229 374 644 966 
72 443 807 362 940 233 
522 61 158 608 490 533 16 
532 347 645 845 
596 889 942 
191 752 906 415 37 436 555 682 921 864 
591 731 
868 29 484 580 
830 165 
135 72 119 78 
257 639 568 381 689 
602 808 
409 355 455 
915 144 591 160 270 539 
846 516 301 394 99 
209 266 926 
989 480 383 
929 469 215 667 835 
222 618 219 193 
947 179 
688 153 28 84 
863 541 211 322 
804 401 368 123 944 503 208 
636 168 157 108 911 
486 451 75 560 781 
61 682 514 591 881 31 
468 792 866 981 834 479 
628 
135 32 
175 620 724 
924 280 33 16 
803 
3 745 735 698 502 
144 976 735 
851 999 87 289 
716 146 855 705 83 
138 965 127 76 
669 426 
542 327 182 47 68 
414 558 357 
224 513 856 41 961 
976 37 925 
778 416 218 
847 25 
900 254 555 
641 536 
237 916 
471 605 431 
492 284 758 980 316 85 248 
698 152 49 288 
851 919 479 907 
966 861 958 
145 658 453 618 539 
585 674 448 494 195 860 215 473 121 407 152 317 257 404 
393 671 
201 681 973 212 112 778 679 357 
612 951 523 829 318 855 
301 123 
888 465 
904 417 349 
617 262 435 96 666 
447 99 369 773 208 77 886 683 690 544 
354 234 476 845 190 
89 556 780 596 153 127 191 28 506 
191 413 941 611 
215 488 35 

30 
879 849 
591 209 
268 370 575 409 
752 615 156 
230 71 560 420 
922 627 564 
388 959 73 3 
