70 51 14 4 72 
95 36 
81 45 52 69 
93 7 59 99 23 
18 69 26 0 
50 52 67 
20 
3 91 60 
40 26 44 83 
61 73 71 
61 78 40 25 26 
25 99 15 96 
38 75 26 93 
28 72 
38 40 44 56 0 28 
61 41 74 85 11 
21 86 90 
59 38 
75 28 4 38 
62 84 75 
32 6 74 31 
16 71 75 70 
38 34 60 
3 84 
95 42 91 71 
46 11 35 72 10 29 
8 4 12 10 
69 
52 18 13 30 51 89 14 
68 50 89 63 25 52 
28 
74 57 38 20 62 
51 20 88 40 99 
78 44 
38 22 
25 
89 57 1 91 
66 78 63 
68 34 14 12 22 31 78 17 81 18 
52 44 78 42 
8 73 32 10 63 14 
15 
93 24 39 67 
84 57 93 78 
61 91 65 39 8 14 33 52 
2 72 88 
25 56 
90 75 92 65 54 
56 79 58 

5 29 67 54 62 
86 32 0 28 78 
28 39 69 5 64 2 44 93 29 
56 98 99 
78 59 50 47 
67 69 95 
48 53 79 46 14 69 74 96 
36 31 61 43 
61 88 48 
99 74 17 89 76 3 54 
7 88 22 
58 15 44 10 80 9 77 57 82 
19 87 31 69 68 50 
40 92 29 37 
95 52 
47 44 
37 
50 71 55 5 42 
38 88 29 79 62 
52 27 4 55 62 2 56 
0 21 
21 67 9 24 
45 93 25 13 0 
94 40 84 9 
59 75 31 20 77 15 91 56 
18 47 21 74 12 19 
59 
74 61 95 
54 91 10 33 39 38 51 37 83 43 
68 56 48 
82 61 81 
2 80 38 
86 80 61 
8 90 78 
85 19 73 43 23 
84 93 15 
82 51 16 
62 
68 60 32 98 45 58 
36 59 29 28 
47 16 83 
78 44 7 97 24 74 36 
47 95 63 
3 42 85 72 52 43 12 
73 
24 64 97 1 92 55 77 
56 11 
95 91 
88 53 
59 11 32 53 3 
